+---+--------------+-----------+--------+---------+
|   | Estimate     | Std Error | t-stat | P-Value |
+---+--------------+-----------+--------+---------+
| 0 | 76,544.2119  |           |        |         |
| 1 | 4,390.6225   |           |        |         |
| 2 | 4,390.6225   |           |        |         |
| 3 | -2,237.1356  |           |        |         |
| 4 | 4,079.8593   |           |        |         |
| 5 | -5,750.3876  |           |        |         |
| 6 | -14,464.0223 |           |        |         |
+---+--------------+-----------+--------+---------+
